325;148;230;272
328;149;211;253
331;153;196;233
332;156;184;210
332;160;176;190
333;167;172;167
332;173;173;148
327;179;179;128
323;186;189;117
316;190;201;104
310;192;217;94
302;193;232;87
297;193;247;83
291;192;260;79
286;192;277;77
282;191;294;76
277;190;310;77
271;191;328;80
267;187;346;88
264;184;364;99
259;183;380;110
257;180;392;126
255;178;402;143
255;177;409;160
254;177;414;177
254;175;415;197
254;175;409;216
253;177;402;233
253;180;388;250
252;182;370;267
249;184;347;282
247;185;324;297
247;184;298;306
247;184;276;316
248;183;256;324
248;180;242;331
251;179;233;333
252;176;227;334
255;176;227;334
254;174;233;334
255;175;242;331
254;175;255;326
253;178;272;319
250;180;290;309
249;185;312;293
247;188;330;272
246;191;343;250
244;191;358;226
242;195;367;201
242;197;371;175
246;198;371;149
248;199;370;127
250;201;365;105
253;202;359;90
256;204;350;78
260;205;340;69
263;205;329;65
265;204;319;63
269;202;307;63
273;202;297;66
276;202;285;70
279;199;275;75
281;196;262;82
285;192;253;91
287;189;243;101
291;184;233;112
293;178;223;125
293;171;213;140
295;166;207;156
297;160;198;174
298;155;193;189
299;150;186;203
300;150;181;214
302;149;175;226
304;151;173;237
305;153;170;246
306;156;178;257
305;159;189;267
303;159;210;278
300;159;238;284
300;160;264;290
298;158;289;294
298;157;309;298
298;156;321;300
298;154;330;299
299;153;330;302
301;153;328;303
303;153;315;304
307;153;302;302
311;154;285;304
313;155;267;301
315;156;244;293
317;157;224;282
320;159;204;269
320;161;188;252
321;164;174;235
321;168;165;215
321;172;159;194
318;176;158;173
314;182;160;152
310;186;168;136
305;188;178;121
299;191;192;109
294;191;206;99
288;191;225;91
282;189;241;85
277;185;257;83
271;180;276;80
267;178;293;81
262;175;311;82
259;171;328;85
256;170;345;89
252;168;361;95
251;167;376;105
248;165;390;117
247;163;399;133
248;161;405;150
248;160;405;170
248;160;399;187
248;163;389;205
249;167;373;221
250;171;351;235
252;174;322;247
254;177;291;262
257;179;256;276
258;179;227;288
259;180;205;298
257;178;189;304
256;178;180;308
256;177;177;306
255;177;177;309
252;181;179;308
252;179;184;307
252;179;191;304
250;179;203;300
250;179;220;296
250;175;241;291
249;174;267;283
247;173;294;273
245;171;322;259
242;171;347;243
242;172;366;223
242;172;383;201
242;174;393;176
243;179;396;149
246;181;396;125
252;183;389;104
259;184;376;85
264;184;361;72
272;181;341;63
278;178;319;62
284;174;298;66
293;168;275;73
298;164;253;86
304;159;235;99
307;151;216;118
310;148;202;133
312;146;189;149
312;144;178;165
312;142;170;180
312;140;168;199
310;139;168;216
308;137;172;233
304;137;186;250
302;137;207;266
297;137;235;277
293;135;267;285
290;135;298;287
286;135;323;288
282;135;343;285
280;135;357;282
281;135;364;280
282;135;365;279
287;133;361;282
289;132;350;286
293;132;337;291
297;130;318;292
302;131;294;291
308;133;268;286
314;135;241;276
320;138;216;259
325;142;196;237
328;147;182;213
332;155;172;185
333;162;167;157
332;171;172;132
325;180;183;109
318;186;197;88
309;190;218;73
300;192;238;63
290;193;260;59
281;192;284;58
273;191;305;60
266;189;326;68
260;185;345;78
255;182;363;92
251;175;380;109
248;170;395;130
246;164;403;155
248;157;404;178
247;150;401;205
252;144;389;231
256;141;371;254
257;139;350;273
260;139;328;285
261;138;311;292
259;138;295;294
258;141;287;295
253;141;281;295
251;142;281;294
249;145;287;289
246;148;296;282
243;151;311;271
239;156;326;256
237;160;343;235
235;165;356;212
233;172;368;187
233;177;373;160
234;182;375;135
237;188;373;110
242;191;365;90
247;194;354;72
254;195;339;61
262;195;321;52
271;194;302;52
278;192;281;54
288;189;262;62
294;186;243;74
300;180;225;87
304;176;210;101
307;173;199;116
310;167;186;131
312;161;177;150
315;156;173;171
317;149;172;196
315;142;178;222
312;136;191;246
310;133;213;267
304;129;240;283
298;127;273;291
293;127;302;291
286;127;327;286
282;127;347;279
278;127;359;274
279;125;364;270
279;125;364;270
282;123;359;272
285;122;349;277
289;122;334;282
294;121;316;288
299;122;290;289
304;125;261;286
308;130;232;276
316;133;206;258
321;139;185;236
324;148;173;211
325;156;166;186
323;163;167;161
318;172;173;144
309;180;183;129
300;184;193;118
292;188;207;111
285;189;219;107
276;191;231;103
271;190;242;103
266;190;254;105
264;189;264;108
261;185;271;110
261;184;274;110
263;185;275;111
266;186;272;108
271;188;267;103
278;192;259;95
286;196;248;87
295;201;238;82
304;207;226;77
312;211;217;79
317;214;208;86
320;217;206;105
322;221;209;136
323;222;221;182
324;222;238;233
325;223;250;270
327;226;253;294
329;228;253;308
330;226;247;316
331;226;239;318
334;224;229;313
334;224;218;303
336;223;203;291
339;222;189;272
339;218;177;252
337;216;168;232
335;212;164;210
330;208;163;192
323;203;166;175
319;199;172;163
314;194;180;156
305;188;194;151
297;181;207;151
285;177;223;152
276;172;234;155
265;167;247;156
262;163;#;#
258;162;#;#
258;161;#;#
262;163;#;#
270;170;250;150
279;180;241;142
290;191;232;133
303;202;220;125
314;209;206;118
322;213;194;117
328;216;185;123
334;218;184;140
333;217;191;172
334;217;210;215
335;216;231;258
333;214;248;292
335;214;253;312
339;213;252;323
343;212;244;327
348;211;238;327
348;208;231;325
348;206;225;319
346;203;218;315
342;201;209;306
339;196;201;296
336;191;190;283
332;186;180;265
329;180;172;246
326;177;162;223
324;175;157;200
323;177;154;177
323;179;157;154
319;183;164;135
316;185;172;118
312;190;186;105
306;192;203;94
302;194;221;87
295;193;242;82
290;193;262;77
283;192;282;75
278;192;301;76
273;191;321;81
268;189;338;89
265;188;355;100
261;185;370;113
258;184;383;127
255;181;394;144
251;179;402;163
247;177;408;183
245;172;405;207
244;167;396;230
243;165;380;248
242;163;358;263
242;163;326;274
243;163;292;276
247;164;257;276
250;164;226;270
252;168;205;262
252;167;194;258
251;168;195;256
247;168;203;255
246;166;217;256
244;168;238;259
244;168;265;259
242;168;293;256
240;169;325;252
238;170;354;242
238;172;376;231
237;172;392;219
239;174;398;207
239;171;399;197
242;170;397;185
247;167;394;172
250;164;388;159
257;162;381;144
261;162;372;129
265;163;361;114
272;166;344;102
278;166;326;93
285;164;308;84
292;166;286;83
298;164;264;82
305;163;241;85
309;162;221;91
313;160;201;100
316;160;184;112
317;161;169;125
320;160;157;140
321;160;153;161
321;159;159;185
319;159;180;214
314;160;218;242
308;161;261;266
306;159;301;283
304;159;330;293
306;157;350;298
308;157;362;301
310;156;367;301
313;154;367;300
316;157;364;300
316;157;354;297
318;157;339;295
318;157;320;290
318;153;294;280
319;153;265;268
322;152;237;252
322;151;210;232
325;151;189;210
326;155;175;188
326;156;167;167
327;160;165;149
327;163;169;131
326;165;178;115
321;168;192;101
315;173;211;91
307;173;234;83
297;173;259;83
288;172;283;86
279;168;309;86
271;168;331;96
266;164;352;109
261;160;372;125
257;156;384;145
257;153;394;163
256;149;398;186
256;147;398;206
254;148;396;220
252;153;392;230
251;156;388;237
247;163;380;244
245;168;365;248
244;172;343;252
247;173;315;255
248;173;286;258
250;173;256;262
251;171;231;266
251;170;212;270
253;171;201;273
251;170;197;277
251;170;202;280
250;170;210;280
248;170;223;279
246;170;239;275
244;173;258;271
244;174;280;261
242;174;304;250
242;173;328;236
242;174;350;220
242;175;371;201
242;178;385;184
243;177;394;166
244;181;399;146
247;181;398;130
252;182;390;116
258;182;377;104
265;180;360;96
272;178;339;89
279;175;314;86
288;172;290;85
293;168;267;88
299;164;243;90
303;160;220;99
306;158;200;108
308;156;181;120
311;153;167;135
312;150;156;151
313;147;152;169
313;145;154;191
310;143;169;214
305;141;197;236
300;140;236;253
294;143;277;267
289;144;314;273
287;146;342;276
287;145;360;278
289;144;369;279
292;143;370;281
296;141;366;285
297;141;359;287
302;141;345;288
306;141;327;287
310;141;303;282
315;142;275;273
318;143;248;260
321;146;220;241
324;150;198;220
325;153;182;197
325;157;172;173
325;163;165;149
325;165;169;130
321;170;175;113
317;173;188;100
312;175;205;89
305;175;225;82
296;175;247;80
289;172;271;79
282;170;292;83
275;168;316;92
268;164;339;100
262;163;359;114
258;159;376;133
256;154;388;153
255;154;396;174
255;149;399;194
254;149;399;209
254;152;395;220
251;156;391;226
245;160;384;230
245;164;371;234
245;165;352;235
244;167;326;235
245;168;297;234
247;168;264;233
250;171;234;230
252;171;205;228
251;171;183;227
251;171;170;227
251;173;165;228
251;172;162;229
251;173;169;231
251;174;178;233
251;173;192;238
248;175;211;240
248;174;233;242
245;174;260;243
243;174;289;240
243;172;317;235
242;173;343;226
242;174;366;213
242;174;384;198
244;174;396;180
246;177;403;160
249;177;404;140
253;180;399;123
255;180;389;107
261;180;375;94
267;181;356;84
276;179;335;77
283;177;311;74
292;175;289;75
298;172;265;75
303;168;246;79
305;166;226;84
308;163;208;91
311;163;192;98
313;162;179;106
315;159;167;117
317;158;156;132
316;153;152;154
314;149;162;184
308;144;188;212
303;141;229;240
293;141;274;258
287;141;314;268
286;144;344;272
285;144;362;274
286;144;372;275
289;143;374;277
292;142;369;278
293;141;359;280
297;139;343;280
299;139;322;277
306;141;293;269
311;144;261;254
317;148;230;235
323;156;203;209
327;164;184;181
329;174;174;151
328;185;177;125
324;193;187;106
314;199;205;89
306;202;227;76
295;203;251;72
285;201;274;71
274;197;299;83
267;195;323;82
259;189;344;96
254;187;363;110
250;184;378;128
247;178;391;146
246;175;400;164
246;175;404;181
246;173;405;198
245;172;400;216
245;172;390;232
247;172;373;248
248;173;349;263
248;173;321;275
250;174;291;283
249;174;264;290
249;172;243;294
248;173;224;297
247;173;214;299
244;172;209;300
245;172;212;301
245;172;213;303
245;172;223;303
246;175;237;303
245;177;257;298
246;177;282;294
245;180;312;284
243;180;341;269
240;182;366;253
240;182;386;236
239;181;396;218
242;181;399;204
245;183;397;191
253;182;392;180
257;184;381;173
265;184;370;170
272;183;362;169
278;182;355;171
281;182;351;174
281;180;350;177
277;179;355;181
272;180;364;187
265;178;374;190
256;179;386;194
247;180;397;201
244;177;401;212
241;175;393;230
242;171;368;250
244;168;327;270
246;167;284;285
246;166;246;291
244;166;219;294
240;166;204;293
237;169;196;293
236;169;191;292
235;172;190;290
236;174;191;294
237;174;198;294
238;175;212;295
236;175;230;295
236;175;254;292
236;176;282;286
234;177;312;278
233;180;340;265
234;182;365;250
234;184;384;235
236;186;395;220
240;186;397;207
244;186;394;195
253;184;387;187
260;184;376;180
268;181;364;176
276;181;354;173
282;180;345;171
288;182;339;171
288;182;337;171
286;181;339;174
282;183;346;178
276;183;356;181
270;182;368;186
261;182;380;192
256;182;392;203
247;182;401;214
243;182;402;228
241;183;393;247
241;182;373;265
240;182;342;284
242;181;304;297
243;181;268;307
243;181;235;312
245;182;213;314
245;182;202;314
243;182;199;313
243;182;204;313
241;181;215;313
240;181;229;311
238;181;249;308
237;182;273;298
236;183;300;288
233;185;327;274
233;186;351;255
232;189;372;238
233;191;385;219
233;191;393;206
235;191;395;193
237;189;393;182
241;188;386;175
246;185;379;172
251;182;369;169
258;182;361;169
265;180;353;169
268;181;348;168
270;185;344;167
268;186;345;166
264;188;348;169
261;189;354;169
256;192;362;171
250;192;373;173
241;195;381;179
234;196;390;188
229;196;393;201
227;198;389;219
226;199;373;241
228;196;348;266
233;194;314;290
237;191;276;310
239;189;247;322
240;188;229;328
240;185;223;332
240;184;224;332
235;186;231;328
236;185;243;324
236;185;259;319
236;188;275;309
236;188;299;297
238;188;324;282
236;188;346;265
236;187;366;247
234;187;384;229
236;187;394;216
239;185;400;202
241;185;400;192
244;185;401;179
